230,3
230,2
230,1
230,0
0,278
229,3
229,2
0,9
229,1
229,0
228,49
228,48
228,47
228,46
228,45
228,44
228,43
228,42
228,41
228,40
228,39
228,38
228,37
228,36
215,1
215,3
0,273
0,270
228,35
3,2
3,1
3,3
10,122
10,22
10,114
10,162
10,216
10,92
8,10
8,16
8,14
8,11
8,2
8,3
14,1
14,3
13,1
13,3
2,2
2,1
2,3
217,4
217,3
217,2
217,1
215,2
213,3
213,1
20,3
20,2
20,1
19,3
19,2
19,1
18,3
18,1
12,3
12,2
12,1
11,27
11,26
11,25
11,24
11,23
11,22
11,21
11,20
11,18
11,17
11,16
11,15
11,14
11,13
11,12
11,11
11,10
11,9
11,8
11,7
11,6
11,5
11,4
11,3
11,2
11,1
10,304
10,298
10,287
10,283
10,282
10,278
10,269
10,263
10,261
10,258
10,254
10,252
10,248
10,247
10,246
10,245
10,241
10,240
10,238
10,234
10,224
10,219
10,215
10,214
10,212
10,208
10,200
10,196
10,191
10,190
10,189
